Some((
    red: 0.98039216,
    green: 0.6392157,
    blue: 0.33725494,
))