Some((
    red: 0.050980393,
    green: 0.06666667,
    blue: 0.09019608,
    alpha: 1.0,
))